0	0	0	0	0	0	0	0	0	0	0	0	0	0	0	0	0	0	0	0	0	
57805927	57805635	57760502	57724279	57695755	57671343	37174407	37187246	32668849	32648197	28061263	28075224	32924188	32889674	41563455	41633694	48042164	48330372	53616126	53556335	60976223	
57918131	57861956	57824407	57791601	57767009	37246867	37250814	32722407	32699949	28118949	28131286	32976852	32945604	41619119	41682508	48092190	48377432	53670312	53611775	61023481	61442431	
68216514	68181281	68162799	68121161	46268059	46244210	40704101	40659577	31093345	31115790	29276148	29254860	34937965	34960536	40537564	40760360	45551868	45494621	52390835	52762349	59626449	
68182024	68157354	68126866	46267930	46236033	40698364	40649072	31086808	31115977	29274607	29260025	34941948	34974277	40557929	40792017	45577767	45527316	52421938	52793926	59631764	59930706	
79525897	79508723	56874431	56836550	50618355	50532715	38779073	38808518	32355370	32320920	30644007	30651550	33883316	34030162	37887006	37843663	43877651	44200037	50412079	50656825	55983615	
79783585	57077591	57039700	50780205	50669317	38854913	38879460	32361850	32334052	30619337	30617572	33822758	33985140	37837568	37802859	43799963	44139797	50339541	50560845	55863069	55867152	
64923504	64886323	58284226	58160886	45404448	45423811	37496065	37485909	31396602	31362271	30705589	30781537	33037191	33019164	37940028	38229680	43903958	44096330	49084506	49060075	55239410	
65216202	58607311	58471065	45662805	45678554	37679604	37666754	31409807	31379744	30623832	30684738	32900786	32884925	37779167	38077809	43719673	43896031	48865333	48833028	54981053	54934151	
64391537	64245495	50912817	50923678	42295680	42280896	34445041	34405016	30982434	30958334	30953380	30955385	34235287	34495277	39431987	39579373	44227793	44196070	50028843	49969469	49971294	
64300348	50961124	50961755	42331183	42308123	34463838	34418605	30993617	30959145	30956385	30956882	34257494	34533972	39495358	39648484	44300598	44270421	50106258	50046526	50053709	49985434	
58654578	58681725	49443719	49413887	40309766	40245943	34924553	34748989	31781235	31774766	30880760	31006358	34100064	34183226	38094532	38072087	43355682	43300916	43291299	43224484	43168790	
59237252	49988548	49953552	40801797	40740040	35346442	35169162	32076714	32051415	30876427	31002843	33905363	34000537	37828989	37809532	43032713	42983413	42985086	42912723	42868307	42815073	
56860266	56831274	46983249	46894204	40765664	40552128	36370536	36349279	31849905	31706943	31109955	31121325	33340601	33317190	37592055	37542991	37544334	37490679	37450397	37406799	37401265	
57258260	47325613	47231404	41022580	40798932	36556964	36540875	31932759	31762839	31031141	31044079	33173783	33148916	37346067	37298075	37310614	37263677	37238979	37195839	37189751	37278487	
52702069	52600964	46032752	45784292	41075092	41057277	35183765	34849581	31373315	31310131	30978323	30945204	33562917	33536101	33530734	33488095	33469145	33433883	33414373	33476331	33479396	
52627065	46061473	45817361	41103535	41087818	35210312	34882868	31372374	31303922	30959732	30936523	33555304	33528468	33536071	33499672	33482722	33461646	33462416	33520092	33523151	33522553	
52328089	52055787	46979735	46965376	40278388	39866198	34710200	34575074	31528322	31517219	30921666	30888432	30882551	30863460	30855904	30830502	30815526	30795414	30798251	30798887	30802946	
52043829	46968235	46960340	40278358	39860004	34705544	34574158	31525686	31505833	30926186	30896548	30885771	30863780	30871132	30851580	30845138	30817170	30819761	30819951	30823758	30816208	
47027613	47016590	40335920	39922748	34761704	34632560	31568334	31534123	30919442	30895954	30877915	30858792	30870068	30863958	30871138	30841590	30844353	30845067	30849114	30840712	30838087	
47035375	40350763	39937331	34783643	34655107	31589973	31559262	30942811	30908073	30898698	30883911	30888251	30888329	30900845	30873915	30876690	30877154	30880955	30872813	30870196	30870206	
40391434	39976140	34821152	34698618	31629722	31593927	30969530	30936318	30912959	30901484	30904412	30899926	30911694	30880772	30883505	30884261	30887962	30879836	30877215	30877307	30883692	
39984884	34842184	34720942	31649758	31617323	30981914	30944860	30922291	30898568	30904158	30895602	30897612	30879258	30881793	30882579	30886308	30879056	30876361	30876471	30883506	30880514	
34903555	34782129	31695135	31662358	30998211	30962955	30942788	30923249	30913871	30901035	30898359	30877405	30880346	30880884	30884657	30876405	30873764	30874024	30880567	30877457	30879399	
34838760	31697192	31666525	30879746	30844684	30824419	30806040	30797676	30778980	30778720	30747960	30750093	30749877	30753008	30744198	30740623	30740967	30747222	30744928	30746378	30746221	
31699869	31668952	30880367	30845307	30825202	30806833	30798239	30779543	30779269	30748953	30750578	30750358	30753769	30744961	30741418	30741768	30748005	30745719	30747167	30747010	30749251	
31667544	30880261	30845219	30825210	30806601	30798265	30779287	30778537	30748411	30750036	30749816	30753229	30744435	30740900	30741246	30747483	30745195	30746637	30746482	30748733	30739556	
30883163	30847339	30826902	30809111	30800449	30782485	30780893	30750401	30752028	30751812	30755213	30746423	30742928	30743278	30749513	30747215	30748661	30748504	30750753	30741324	30739886	
30843136	30822303	30804298	30795600	30778072	30777250	30751416	30753041	30752827	30756244	30747408	30743851	30744167	30750410	30748064	30749534	30749365	30751626	30741907	30740467	30740500	
30827997	30809648	30800842	30784124	30783816	30756252	30757891	30757675	30761090	30752414	30748893	30749193	30755478	30753150	30754608	30754439	30756704	30746957	30745507	30745532	30281988	
30809714	30800892	30784204	30784506	30756086	30757725	30757509	30760942	30752246	30748659	30748903	30755198	30752844	30754312	30754141	30756418	30746375	30744919	30744926	30281436	30280955	
30804284	30786086	30786084	30757938	30759573	30759613	30762774	30754084	30750503	30750767	30757058	30754744	30756206	30756035	30758300	30748769	30747309	30747322	30283734	30283289	30292889	
30784156	30783494	30755182	30756821	30756857	30760028	30751356	30747691	30747943	30754298	30751918	30753416	30753245	30755544	30745993	30744539	30744552	30281508	30281029	30290621	30304985	
30779732	30751704	30753341	30753377	30756530	30747920	30744239	30744509	30750858	30748502	30749974	30749805	30752112	30742567	30741101	30741118	30278162	30277711	30287301	30301673	30329893	
30752115	30753756	30753792	30756967	30748339	30744646	30744906	30751247	30748907	30750403	30750234	30752531	30742982	30741522	30741541	30278305	30277842	30287434	30301794	30330054	30345008	
30756056	30756096	30759241	30750629	30746966	30747234	30753593	30751251	30752725	30752556	30754853	30745328	30743858	30743875	30280153	30279698	30289300	30303722	30331986	30346986	30364704	
30744930	30748069	30739457	30735780	30736028	30742379	30740017	30741545	30741382	30743697	30734588	30733104	30733115	30268989	30269070	30278924	30292744	30320742	30335802	30353018	30380121	
30748022	30739408	30735745	30736021	30742376	30740016	30741500	30741339	30743652	30734585	30733109	30733126	30269734	30269575	30279165	30292639	30320913	30335549	30353007	30380436	30392897	
30736547	30732872	30733134	30739473	30737117	30738611	30738446	30740747	30731178	30729692	30729697	30266517	30266350	30275720	30289502	30317732	30332476	30349152	30376783	30390082	30386749	
31042474	31042900	31049387	31046957	31048535	31048442	31050875	31042592	31040972	31040719	30849361	30850882	30820016	30797376	30784132	30743744	30704334	30640009	30579040	30509397	30426832	
31041257	31047734	31045262	31046826	31046733	31049168	31040645	31039035	31038780	30848054	30848533	30818975	30794441	30779993	30739031	30700023	30636800	30578127	30509122	30426399	30372022	
31062719	31060261	31061825	31061732	31064181	31055396	31054490	31054493	30869133	30868508	30841388	30815264	30804142	30775578	30743844	30694289	30645350	30580301	30498664	30443119	30366763	
31076664	31078244	31078151	31080604	31070547	31068921	31068932	30879756	30876257	30854457	30827945	30820679	30796777	30772967	30734768	30698075	30639220	30562841	30507458	30432244	30391317	
31093115	31093020	31095457	31085642	31084282	31084549	30882153	30882488	30863010	30832468	30822406	30803680	30785780	30755563	30732730	30685317	30614356	30562407	30489739	30454906	30404991	
31082168	31084635	31074754	31073390	31073637	30860355	30858158	30841714	30813422	30796334	30780816	30774798	30747313	30732420	30691325	30634924	30588387	30518985	30492364	30442225	30380334	
31113698	31105641	31105029	31103498	30871898	30867915	30851205	30832235	30815341	30794853	30786969	30768158	30762183	30725198	30683119	30645596	30578638	30548625	30503836	30453913	30403097	
31125880	31125272	31123997	30883779	30879124	30851104	30822698	30807072	30790930	30780600	30766841	30760760	30743865	30697842	30671515	30614375	30589862	30551999	30501594	30457788	30436024	
31166240	31165215	30917159	30911916	30882062	30850548	30828520	30808586	30798888	30787513	30778228	30768449	30735876	30710541	30655519	30641776	30608517	30559334	30517368	30500270	30460873	
31165768	30912718	30910419	30879129	30844203	30817167	30790425	30778973	30764768	30762551	30745584	30726957	30713240	30658144	30649087	30620544	30571285	30532489	30523025	30484718	30437430	
30919243	30918094	30896352	30860498	30832464	30802090	30779652	30760617	30758974	30738387	30716350	30713291	30678665	30674084	30645961	30601848	30567414	30548812	30519831	30485811	30419983	
30909981	30893967	30870109	30849591	30824057	30795733	30777824	30770571	30752458	30731549	30724434	30697768	30708347	30683614	30653357	30622503	30601749	30567628	30540474	30493928	30453248	
30871812	30847518	30831854	30807412	30787638	30768291	30763558	30740557	30718552	30715505	30695225	30712678	30696771	30668536	30641538	30625512	30591517	30566161	30522341	30484409	30434142	
30857478	30847868	30826040	30806858	30777539	30771094	30745983	30722284	30723195	30708773	30730098	30721591	30698620	30670424	30658796	30627923	30601181	30558049	30531107	30486494	30446360	
30857673	30842189	30825783	30794780	30789483	30758824	30732405	30727654	30711326	30738919	30730988	30723087	30691183	30679261	30649936	30628736	30580094	30555434	30518163	30492063	30426867	
30854341	30838223	30819498	30814857	30781562	30748689	30745190	30728910	30755319	30752160	30746733	30719899	30705681	30680172	30666776	30623242	30595910	30558485	30539681	30480001	30456644	
30832976	30811603	30812868	30783165	30752666	30742929	30730121	30758682	30759407	30750660	30732408	30719836	30694549	30687393	30640069	30618033	30579888	30553054	30504184	30478933	30404421	
30819608	30816645	30784988	30760201	30748306	30721006	30753009	30757032	30752979	30736159	30722453	30701622	30696444	30655192	30636904	30601267	30580109	30529809	30509408	30440450	30416697	
30831952	30801329	30769070	30757649	30731079	30757576	30759605	30756818	30742108	30734036	30714309	30709163	30663343	30651811	30621172	30603556	30550572	30537759	30467957	30448994	30369499	
30832170	30800331	30790072	30764348	30785085	30787548	30784903	30775399	30772987	30749768	30744224	30700896	30685910	30657281	30637775	30592059	30580594	30516736	30505319	30429342	30379691	
30819976	30807323	30782063	30800416	30798797	30792970	30781264	30781742	30769265	30759497	30718845	30708009	30679598	30660526	30615268	30601739	30539193	30528604	30462599	30418768	30359915	
30826380	30798870	30821339	30820070	30810743	30793871	30796375	30782958	30784782	30744034	30732198	30701495	30684777	30640035	30627646	30567538	30561239	30496598	30455555	30407126	30388600	
30821959	30838562	30836793	30834590	30818640	30820512	30804551	30805127	30766107	30753103	30724742	30706394	30664300	30651129	30593949	30595644	30529213	30492922	30449415	30433483	30358234	
30847267	30846238	30849243	30831895	30836611	30822596	30822674	30782374	30774688	30753709	30736645	30689849	30678472	30625824	30622901	30565064	30532481	30489690	30484984	30416103	30431932	
30864546	30866107	30853077	30861743	30847714	30840918	30804258	30801338	30781343	30766975	30716549	30702060	30652602	30641179	30590064	30556097	30518362	30524844	30460237	30474330	30447252	
30883319	30873159	30880647	30867714	30860666	30816140	30816502	30794909	30786037	30741763	30727218	30680144	30665479	30607884	30580991	30549016	30562230	30502061	30515890	30492444	30503295	
30898156	30904718	30887109	30881011	30848023	30843683	30823460	30819830	30776408	30772627	30713925	30699212	30642491	30611794	30584781	30600259	30544472	30560579	30542029	30563196	30479383	
30913449	30902550	30892908	30861826	30857206	30833689	30832837	30794651	30789224	30737928	30733847	30669626	30643409	30619268	30632668	30579013	30602814	30584950	30600713	30530384	30486332	
30922884	30919792	30881032	30872924	30853049	30855309	30815337	30809414	30758196	30755495	30691726	30668177	30636550	30663770	30612681	30629744	30611918	30634645	30575784	30542386	30460687	
30932679	30892691	30874797	30855052	30855620	30814216	30811181	30766573	30770862	30710329	30692176	30666389	30692243	30638484	30659933	30645611	30669102	30602923	30575379	30510938	30435211	
30898179	30885137	30861980	30854334	30817514	30804593	30765037	30768366	30709185	30687860	30662411	30688269	30644790	30676481	30659067	30680052	30616841	30601907	30540400	30470741	30282438	
30904518	30880965	30878005	30840097	30824930	30787016	30787655	30729006	30704805	30682474	30701978	30656427	30687932	30680238	30705179	30641584	30629326	30574519	30516448	30327641	30230890	
30838148	30833958	30788874	30781197	30734501	30724888	30667613	30641290	30625025	30656443	30606690	30646389	30643861	30673122	30612261	30597349	30541540	30495319	30311516	30219741	30128141	
30834682	30793544	30785847	30737287	30727208	30654969	30626760	30611457	30642897	30596656	30626391	30633193	30668500	30609177	30598533	30552148	30510785	30343228	30263139	30171403	30124365	
30785546	30768213	30725973	30720652	30650045	30608474	30596035	30621339	30569880	30610129	30611025	30643890	30588817	30582347	30539264	30506615	30338536	30267931	30185307	30144173	30052212	
30801636	30755570	30749511	30673282	30632271	30608756	30630720	30591965	30628154	30628808	30660099	30602862	30596128	30563479	30540136	30382545	30317650	30248222	30213220	30125527	30086999	
30738834	30734067	30666306	30622193	30590560	30617252	30576233	30615692	30608194	30637063	30576916	30567000	30533613	30513896	30354631	30301848	30245800	30217984	30139279	30100027	30046318	
30752749	30687416	30649349	30614470	30639316	30600537	30628840	30620552	30643959	30579728	30567212	30533705	30520976	30369231	30328234	30276014	30257880	30194209	30155499	30102738	30102031	
30721398	30686053	30651068	30675892	30629137	30658098	30650474	30668475	30602560	30583524	30548979	30530114	30382341	30350764	30301656	30295684	30233545	30203491	30152028	30159709	30093026	
30736427	30707552	30733786	30690909	30728112	30716810	30729721	30669216	30642122	30604707	30573768	30429695	30406716	30364410	30366400	30311769	30283855	30242348	30246827	30190798	30165022	
30765706	30785824	30732971	30769212	30765502	30785331	30715236	30689100	30648335	30609636	30462325	30432094	30392924	30414608	30367541	30340719	30304232	30321899	30267144	30243588	30202926	
30827164	30784695	30816168	30807722	30830685	30772384	30736908	30704601	30661134	30506533	30474492	30432680	30452254	30416917	30400573	30368786	30390103	30337600	30312528	30281734	30286849	
30783847	30820848	30811542	30839003	30782638	30754322	30721517	30681858	30522689	30481002	30440260	30454072	30420275	30402305	30382006	30410739	30361976	30345158	30317968	30320803	30269572	
30857416	30853276	30875139	30810020	30789268	30747631	30718338	30563245	30524600	30479246	30499040	30459669	30449683	30428514	30460137	30426486	30410722	30393704	30399441	30358136	30309772	
30838427	30865400	30802491	30781491	30742972	30710339	30558712	30514571	30467233	30486261	30448642	30439012	30421689	30457590	30422531	30414453	30392219	30408326	30362541	30326325	30275458	
30861927	30799844	30779736	30730635	30700916	30557447	30512132	30459402	30474734	30434993	30428877	30417092	30464629	30421482	30418392	30408468	30417329	30377176	30344188	30302209	30266595	
30810761	30789451	30743338	30712273	30563994	30516281	30454683	30480711	30442912	30430622	30419595	30458782	30432951	30433525	30420365	30439718	30401825	30367065	30332610	30300484	30180843	
30792771	30751382	30712611	30569416	30520075	30455697	30468177	30428252	30422334	30410379	30452582	30425667	30429273	30424909	30447772	30404301	30378303	30339538	30316988	30210937	30129000	
30686290	30653607	30500086	30460117	30397875	30399127	30351948	30349604	30339991	30383164	30370297	30365623	30364483	30399366	30358877	30331669	30289618	30273344	30168505	30090252	30000000	
30664248	30504917	30454550	30388794	30396112	30342237	30336657	30330490	30371523	30360582	30358804	30367046	30390179	30361220	30333618	30292585	30274425	30174744	30104599	30022371	29981474	
30534372	30487203	30416765	30414877	30361970	30346760	30336945	30384908	30368233	30370339	30375089	30402502	30374639	30350179	30314806	30296300	30192535	30124352	30050236	30021783	29933768	
30495460	30435126	30431232	30377491	30357751	30341498	30391459	30377036	30380306	30384970	30419469	30384932	30355308	30318677	30299725	30207466	30139727	30068643	30047320	29971885	29925145	
30473834	30476326	30414881	30395467	30372596	30421993	30396990	30392620	30400740	30436377	30406772	30384062	30346831	30331887	30227644	30159283	30096935	30079148	30009179	29980117	29918889	
30542698	30474585	30451231	30425618	30471315	30452368	30448270	30458166	30490281	30460748	30440122	30409711	30390653	30291416	30225591	30169419	30150216	30089665	30064595	30007941	29996706	
30538663	30513201	30478262	30525743	30495430	30499860	30501674	30541569	30512026	30490122	30463997	30447219	30344052	30279995	30225915	30208630	30153865	30129975	30080417	30079598	30009383	
30578173	30539050	30583183	30558222	30552032	30563164	30596119	30571050	30548928	30519463	30499497	30412162	30338897	30281365	30274758	30228267	30214101	30161571	30163848	30098719	30072625	
30584288	30616667	30593376	30590242	30586546	30632629	30594400	30582274	30551437	30534863	30447302	30389319	30338481	30326544	30275923	30261505	30208365	30205426	30156771	30126875	30136275	
30648056	30624113	30628313	30624931	30656368	30618759	30607067	30581152	30564388	30478379	30424188	30381860	30367501	30309732	30304858	30264980	30270875	30222528	30194592	30208804	30221936	
30676717	30682305	30676983	30706724	30669347	30651049	30630800	30615152	30540663	30477046	30431712	30420613	30365166	30361902	30323100	30331491	30289076	30272652	30279366	30294252	30200677	
30716997	30712933	30735248	30694665	30680377	30654322	30644056	30568073	30509054	30458822	30449819	30398164	30392586	30353374	30369837	30331062	30322088	30326624	30338780	30252049	30200343	
30719462	30746521	30710502	30695438	30670645	30650463	30570510	30513023	30462831	30443004	30399323	30392223	30358599	30376358	30335899	30323655	30340947	30356625	30273808	30215016	30128012	
30782624	30744667	30728889	30706578	30690986	30607247	30545612	30500798	30484851	30434806	30429756	30393500	30413097	30383264	30373696	30390812	30418158	30329593	30271529	30179415	30152801	
30750332	30734066	30712897	30702887	30612578	30554871	30507135	30489372	30440093	30435581	30400583	30427258	30397373	30387699	30407629	30440365	30362978	30312786	30198704	30166938	30070937	
30756507	30738146	30724886	30652037	30592056	30535176	30521061	30468758	30456704	30433976	30464201	30436388	30432530	30451620	30489044	30406301	30360825	30260793	30193187	30072810	30054647	
30732461	30716725	30634896	30575771	30522129	30514056	30458703	30443221	30405303	30439650	30411517	30414643	30434693	30450273	30381410	30344324	30257360	30196482	30062959	30007460	29973840	
30710710	30627307	30567546	30528772	30508721	30453400	30435268	30397712	30419819	30403960	30421808	30445740	30471958	30388961	30366715	30281693	30231473	30085048	30002655	29932857	29959534	
30618161	30553292	30505564	30492289	30433876	30421526	30385068	30390511	30378558	30402528	30428372	30451742	30378341	30348953	30279741	30241881	30108712	30026975	29917577	29918478	29898241	
30545889	30500309	30492194	30436403	30420899	30384599	30397054	30373069	30398479	30432015	30459705	30377876	30353320	30289506	30260298	30134105	30062224	29949516	29910977	29863624	29885944	
30497409	30493030	30433335	30428255	30401013	30410150	30375639	30399703	30433943	30457765	30385002	30364932	30294758	30273706	30165275	30108266	30029190	29975283	29898356	29895768	29906000	
30525563	30462942	30454334	30424696	30449627	30414746	30430532	30465256	30494702	30420971	30399125	30323743	30295795	30194662	30142055	30073321	30036914	29964129	29918591	29930227	29957861	
30471550	30458102	30435366	30465207	30434480	30441358	30474158	30502516	30446923	30419959	30338071	30314281	30216802	30175707	30105143	30083988	30020791	29978711	29951711	29986235	29953929	
30502139	30465383	30509644	30477329	30482531	30512687	30555691	30495178	30479796	30405742	30369982	30261013	30213928	30150152	30136687	30089552	30064160	30030866	30027500	30003814	30016878	
30474803	30509530	30487795	30495211	30530835	30557725	30496906	30490622	30420188	30379122	30278359	30227190	30155004	30134733	30098220	30089130	30064962	30051782	30004640	30028548	30016115	
30554633	30536798	30541032	30561256	30590976	30544017	30535333	30470851	30431711	30328666	30285063	30208649	30183386	30159477	30145755	30139555	30139857	30060569	30073441	30088110	30089469	
30541284	30546448	30571526	30586478	30537217	30545163	30486541	30458795	30347848	30293533	30225355	30200134	30176045	30169767	30169435	30178315	30113351	30083439	30095410	30109861	30005424	
30576286	30599452	30608292	30549979	30563599	30517257	30488905	30382422	30329893	30261975	30244844	30210325	30196951	30201483	30212987	30151561	30126635	30098902	30125427	30030998	29944144	
30631006	30647050	30579353	30569107	30527911	30514429	30408982	30368751	30295705	30273766	30239599	30227587	30227549	30237367	30188019	30169475	30132610	30126787	30040332	29960082	29816604	
30690562	30617289	30598969	30549843	30535495	30442686	30398493	30330751	30310334	30285807	30269013	30265267	30274533	30218331	30212931	30187146	30168467	30053142	29985902	29834874	29519559	
30652286	30629726	30564568	30543772	30450737	30409038	30349724	30324661	30297808	30284084	30285050	30290356	30223612	30217488	30198531	30182776	30060971	29964463	29835937	29507602	28900873	
30668370	30602824	30577112	30483575	30433840	30381444	30360251	30329300	30316114	30318280	30327286	30259538	30253448	30227161	30231828	30097277	29978527	29841085	29518658	28917573	27963947	
30615199	30585503	30484532	30439981	30382575	30368830	30329665	30322419	30326755	30335045	30277565	30254381	30222616	30231767	30113980	30011724	29833570	29510043	28899544	27974028	27705264	
30626326	30516949	30470278	30415758	30395433	30364646	30349694	30346074	30354780	30311376	30279840	30249677	30248602	30143547	30051065	29883867	29501884	28901935	27961767	27713541	27596492	
30555999	30503732	30461266	30440613	30409470	30386434	30370494	30383782	30345736	30326988	30287847	30287158	30175551	30084547	29933191	29579826	28909269	27951723	27682197	27593298	27392496	
30534985	30480647	30475374	30442005	30422421	30397371	30414971	30363953	30360833	30331980	30315075	30204400	30105894	29963662	29630943	28966046	27918286	27679578	27596757	27409195	27350578	
30506989	30493226	30486681	30473987	30435569	30440413	30386835	30378659	30362466	30361827	30247010	30141762	29994974	29683871	29053542	27958592	27561962	27519811	27377153	27347140	27246695	
30566306	30556575	30552805	30525771	30512275	30461381	30447667	30432464	30439589	30330612	30219276	30059262	29745147	29135986	28096794	27657818	27508865	27355359	27350174	27259881	27241946	
30574638	30575574	30555460	30545952	30490432	30467294	30462415	30465632	30378775	30264975	30118845	29817260	29219393	28144863	27680905	27549040	27358338	27355015	27300150	27277027	27261390	
30780882	30772210	30776592	30721998	30690600	30682239	30697886	30626521	30536291	30416393	30149932	29587061	28492173	27812617	27670980	27521296	27470763	27409258	27414025	27423756	27677754	
31010150	31031640	30981768	30943348	30923795	30941674	30878419	30805489	30723363	30484528	29965541	28939707	28030901	27749556	27674254	27618917	27530708	27529903	27619860	27930032	28197719	
31552837	31534767	31507233	31464054	31472689	31420262	31357896	31303806	31149275	30693830	29938582	29010116	28129217	27997381	27990020	28026325	28040674	28219723	28714287	29105308	29706718	
31961863	31950569	31917362	31907657	31844336	31778214	31725298	31603181	31172970	30555024	29836422	28871663	28282575	28192078	28313153	28429668	28674031	29278127	29696046	30288772	30738512	
32418425	32395130	32390517	32287658	32227338	32143082	31978603	31602590	31041070	30467404	29784133	29081017	28638760	28624879	28781350	29140249	29711071	30153986	30750600	31243756	31750923	
32746428	32737177	32624814	32529988	32422490	32205923	31751196	31164644	30620226	30097139	29549791	29111090	28829343	28854316	29155727	29736203	30178258	30794270	31316150	31831219	32246903	
33081346	32986129	32896395	32780883	32580274	32059677	31336889	30787149	30311434	29896124	29556293	29292226	29243673	29400794	29893346	30318575	30884129	31393873	31910440	32367696	32991524	
33091238	33025592	32924590	32750591	32274918	31466766	30792674	30326695	29965733	29704348	29526349	29493008	29629881	30050635	30402710	30965404	31391510	31886573	32322829	32977775	33207404	
33042196	32975902	32806863	32357386	31572782	30784458	30274029	29952815	29731880	29601827	29588662	29738491	30160229	30468106	31018248	31422472	31862167	32279973	32943539	33162590	33219989	
32695612	32531265	32096488	31363022	30528134	29911665	29601861	29402932	29299331	29309716	29487453	29923259	30235670	30798446	31171546	31574317	31973797	32623345	32847442	32886237	32590288	
32167327	31748138	31073504	30243996	29450905	29123019	28955778	28870841	28898080	29130537	29596813	29954812	30487048	30870778	31233465	31552133	32204551	32415728	32489325	32194492	31968107	
31413093	30756119	29968903	29096802	28708284	28548663	28499866	28534679	28772628	29282388	29618559	30191957	30580913	30919504	31204930	31802920	32009911	32110052	31815825	31618476	31253504	
30343056	29512998	28611721	28210607	28117528	28087307	28093774	28286691	28798693	29190114	29784002	30191484	30562871	30810659	31389173	31592442	31713299	31457712	31207451	30852799	30705597	
29011769	28131284	27694114	27619607	27641292	27658171	27839856	28268188	28638661	29265131	29698043	30093044	30320280	30861654	31051705	31177552	30917307	30706494	30337730	30175738	30146358	
27721233	27163611	27105820	27185225	27243580	27391287	27788941	28118876	28706002	29158362	29618209	29864603	30315553	30405140	30499799	30306242	30126693	29830401	29668249	29588237	29802723	
26907225	26710412	26799045	26897988	27016527	27365949	27671854	28219792	28654744	29131919	29485755	29955155	29920080	29836507	29595648	29493147	29251043	29180835	29103613	29235397	29644281	
26728696	26669349	26749356	26853725	27151999	27414284	27881128	28297346	28786939	29207953	29749849	29744176	29518461	29127382	29018671	28860867	28835779	28808525	28932725	29220809	29374955	
26710183	26707314	26750315	27001253	27278294	27719778	28150422	28648933	29093391	29698067	29760628	29560515	29002498	28762329	28624463	28705861	28726169	28838289	29106127	29158545	29194301	
26865897	26825600	26986536	27240925	27707217	28139075	28636872	29128138	29775760	29894969	29772056	29231497	28806754	28553414	28676498	28839312	29003932	29246098	29265296	29216752	29154946	
27089863	27291667	27526184	28027028	28427756	28891459	29398869	30100831	30245790	30164839	29696254	29279475	28771963	28832473	29053023	29332855	29674673	29629241	29569545	29479257	29246183	
27710700	27994101	28524721	28879931	29253034	29624532	30303944	30495767	30484626	30097549	29758128	29207396	29026182	29206162	29569570	30005528	30065826	29945828	29864120	29619334	29469626	
28310273	28854899	29254363	29654058	29884278	30400850	30535403	30573004	30269051	30023392	29595526	29313928	29191400	29510092	30045326	30203304	30188566	30080200	29881954	29730092	29544539	
28992474	29444588	29907471	30216057	30638913	30596708	30526197	30268040	30065131	29799873	29629147	29391045	29441267	29909331	30146961	30205967	30139045	29972973	29906203	29749200	29712862	
29277026	29805099	30233407	30759407	30735396	30511921	30066698	29874763	29660477	29632069	29516791	29489541	29666587	29801355	29900115	29921479	29763461	29747235	29719844	29723932	29632045	
29521915	30046413	30657489	30731562	30562549	30018292	29664425	29405549	29437313	29449907	29531155	29675847	29600959	29552621	29561151	29472519	29408341	29474130	29584526	29564355	29598015	
29797579	30465065	30624694	30564075	30086210	29635473	29190891	29190307	29272669	29452483	29668103	29589825	29413781	29273103	29128547	29075817	29109422	29323022	29419463	29487449	29442562	
30293606	30498989	30513756	30111235	29716254	29175946	29075536	29144224	29372236	29673838	29656982	29488110	29298800	29004014	28889530	28920301	29084543	29291528	29445538	29445385	29431878	
30515879	30566706	30221881	29888874	29373918	29160050	29187638	29431252	29762770	29781714	29646074	29478848	29138756	28932992	28893349	29070461	29242422	29469408	29522035	29512544	29146224	
30610753	30321284	30044305	29600303	29340647	29264623	29511073	29856369	29909831	29812117	29663635	29344441	29076207	28934952	29088298	29306025	29564755	29686568	29698949	29315693	29037920	
30421623	30190048	29829686	29606676	29412124	29618006	29972092	30063268	30000748	29882842	29588030	29339030	29059561	29114781	29329824	29647868	29822037	29912010	29551008	29231917	28893397	
30249792	29982796	29840496	29608066	29665722	29977734	30115930	30100124	30020856	29784940	29575330	29286727	29180563	29283324	29619646	29860777	30028420	29727320	29446805	29007765	28680703	
29941434	29899546	29762736	29721548	29883938	29991576	30006498	29956506	29773758	29626222	29408917	29282661	29147354	29404830	29683861	29917008	29703778	29489595	29057509	28603911	28148156	
29861521	29855689	29881491	29940649	29870143	29841129	29802273	29663495	29566301	29448232	29402572	29212723	29231737	29421300	29694281	29576025	29450642	29101652	28602948	27991437	27720075	
29776332	29931390	30082426	29956614	29771606	29625656	29452222	29370386	29327893	29384763	29308914	29264048	29226887	29403802	29301936	29271845	29040687	28616733	27879294	27517924	27469594	
29881096	30170120	30106082	29906208	29675178	29335546	29195418	29169547	29291955	29326602	29365888	29293915	29253724	29008164	28988115	28872613	28576761	27908016	27374040	27338614	27316214	
30130862	30162532	30033358	29830916	29457036	29188752	29043561	29163425	29268670	29408600	29419241	29383716	28946116	28769659	28656599	28466963	27931282	27359420	27211852	27214240	27158115	
30129345	30063551	29918405	29597695	29313851	29034790	29065252	29176917	29374113	29472026	29491783	29051131	28691760	28459912	28322098	27928715	27447973	27142679	27137599	27132600	27291822	
30219036	30140330	29895550	29665456	29372675	29287233	29296440	29501882	29644071	29734906	29358594	28979697	28522807	28316191	27991856	27645970	27288506	27174808	27175107	27394125	27344220	
30325374	30154894	30014364	29815431	29695239	29561082	29676388	29837405	29987086	29689362	29370485	28863319	28425599	28061788	27859258	27591608	27357902	27256201	27510341	27536842	27630514	
30437203	30354881	30274874	30243810	30093235	30069477	30144824	30303967	30054577	29836450	29425358	28856230	28231107	28094639	27974473	27766059	27502232	27681062	27761987	27935601	27834406	
30540058	30519563	30600609	30581288	30574518	30516723	30571412	30294302	30145779	29859957	29405467	28598554	28231826	28251290	28151132	27891355	27883415	27927624	28157174	28129907	28074423	
30711370	30820694	30945405	31098245	31129506	31105611	30675607	30423548	30171264	29893600	29215007	28542497	28374727	28403877	28338246	28346848	28204565	28387891	28438726	28470442	28306393	
31013690	31101455	31331853	31483016	31570599	31216209	30842092	30426200	30142576	29642583	29110287	28567755	28438713	28508962	28746066	28666941	28670055	28631582	28725276	28691615	28591828	
31334861	31474141	31637538	31803321	31593409	31373704	30951384	30452958	29871953	29521993	29112325	28770523	28575758	28893094	29003415	29128681	28966542	28920114	28939089	28948418	28769918	
31652216	31748025	31888542	31700438	31568401	31301761	30874263	30081808	29666366	29415506	29185494	28817281	28906003	29095618	29362264	29325605	29175953	29084196	29137021	29021831	28978580	
31757555	31822492	31566852	31437387	31250469	30989399	30276964	29600402	29350570	29243450	28984011	28866879	28855918	29179812	29311411	29305385	29077770	29052517	29010745	28956676	28797896	
32003820	31691446	31477463	31244079	31080729	30580644	29950594	29429400	29324344	29198379	29170363	28954918	29054664	29229651	29405569	29302732	29129525	29056369	29082764	28828348	28951818	
31755018	31510579	31162799	30928061	30528696	30114340	29534648	29235638	29117275	29232655	29107196	29068874	29001295	29217649	29335114	29219981	28986807	29046848	28860142	28808246	28968812	
31551848	31199576	30830584	30378373	30101247	29718675	29355609	28990344	29136236	29151159	29212857	29011982	28982354	29205929	29278916	28998208	28965881	28862505	28798207	28820341	29016087	
31248110	30876670	30269703	29946009	29747217	29525605	29076634	28989204	29061017	29250167	29171784	28960688	28960211	29183334	29087408	28908497	28781979	28801983	28697335	28894061	28883531	
30914007	30288010	29775656	29598088	29528558	29261289	29057641	28901782	29127494	29192109	29120435	28829268	28945705	29093967	29000334	28688076	28769658	28701440	28711066	28844804	28743721	
30397672	29883296	29491110	29414564	29348419	29364987	29131350	29102620	29124323	29213805	29057460	28808851	28899233	29093318	28783098	28709714	28741258	28711066	28674724	28813529	28569555	
30000843	29621181	29382283	29238566	29429012	29423635	29425987	29193392	29156132	29195969	29091258	28760796	28970321	28957073	28786749	28710693	28796927	28646387	28702612	28746788	28561098	
29786970	29621108	29318315	29320679	29419964	29653622	29607935	29383211	29165554	29247365	29037631	28809826	28848960	28990876	28788530	28793618	28755748	28630325	28676365	28783083	28593265	
29692401	29506600	29453758	29353553	29557185	29682568	29714402	29399101	29224576	29194084	29086919	28701481	28940509	29042191	28875393	28793211	28761250	28605374	28821952	28839610	28741076	
29470536	29575230	29509011	29562099	29525168	29666870	29660267	29475940	29120852	29188603	28934353	28710519	28912705	29022817	28757265	28715318	28657692	28660248	28897138	28884072	28731074	
29565389	29622850	29794258	29719573	29618621	29646214	29735733	29424373	29190950	29088758	28994780	28719838	28967588	29000828	28756703	28719839	28779583	28796469	29049135	28835919	28949301	
29683739	29863007	29924864	29914702	29726371	29725904	29747942	29622021	29146455	29203545	29058589	28836721	29017195	29039128	28790936	28917224	28951904	29026922	29114084	29045382	29090647	
29961154	29878267	29954209	29935984	29807623	29680277	29831286	29506412	29208514	29212638	29140536	28823634	29012255	29012637	28899625	29035243	29078037	29058889	29328859	29013874	29208315	
30087629	29935541	29919494	29957111	29726831	29719620	29678730	29552858	29178992	29265568	29111748	28821197	28992695	29094811	28999287	29183797	29060653	29306959	29295846	29054225	29180983	
30107059	29876886	29839015	29783501	29711332	29454202	29596052	29419482	29133718	29167866	29022907	28686495	29065689	29092765	29065429	29114289	29159001	29281152	29206531	28961803	29099452	
30012642	29884443	29664113	29746902	29517586	29416680	29507150	29436592	29085054	29106837	28884801	28731527	29083267	29143919	28986201	29210239	29090976	29292921	29018147	28920634	29125077	
29883338	29729794	29592935	29492091	29466883	29290215	29424521	29351987	29007724	28895096	28839846	28669142	29114050	29026764	29083364	29127391	29056434	29120182	28772799	28986534	29213477	
29722316	29786535	29437125	29481217	29435247	29313499	29354485	29355832	28918932	28948590	28903538	28801176	29109426	29186068	29089093	29161738	28985580	29034091	28835038	29204075	29356063	
29614512	29549320	29397400	29370794	29374682	29178780	29245257	29150207	28880791	28933145	28988425	28764977	29267551	29124140	29114905	29026759	28914740	29084247	28994338	29348892	29468914	
29281931	29459783	29302173	29276133	29247453	29117030	29016552	29109384	28851864	29021542	28906390	28923318	29229399	29049896	28977912	28844997	29039718	29180557	29125283	29417959	29589231	
29047565	29270575	29225197	29043815	29084976	28854958	28898366	29034444	28934038	28883644	28951104	28785185	29118044	28850326	28794959	28861200	29172151	29195759	29166473	29469663	29901113	
28829046	29117220	29077240	28922315	28850635	28820485	28866403	29161039	28912263	29009875	28908578	28775561	28993971	28686498	28886451	28993760	29296852	29205320	29275476	29782638	30051445	
28762395	28924177	29029044	28740724	28865976	28884206	28969820	29140652	29097764	29051557	28961350	28739646	28930901	28877812	29129277	29195469	29492177	29380881	29733219	30021942	30365544	
28671897	28735300	28826182	28762660	28892936	29053256	28991438	29350788	29186887	29136450	28948806	28727479	29113674	29074683	29329943	29380885	29687681	29731053	30010458	30288672	30699251	
28701241	28488955	28849729	28854325	29032037	29078987	29157023	29398398	29286935	29094517	28899794	28935781	29320884	29292000	29515184	29592286	30119912	29956697	30294811	30606094	30954896	
28347746	28211906	28575456	28776762	28738476	29040172	29010099	29232484	29068722	28837247	28813342	28879395	29249515	29229179	29459865	29756841	30100496	30013790	30398555	30646419	31073203	
28258410	28104896	28477398	28655964	28807248	29001851	28951172	29091720	28900823	28867192	28900517	28965707	29333817	29341787	29778009	29912906	30304964	30265051	30567333	30880781	31363896	
28134002	28107044	28230918	28721096	28759161	28929634	28834624	28917569	28993440	28985285	28964085	28992407	29387471	29655239	29900240	30129800	30570213	30484435	30780381	31141920	31799328	
28060657	27974257	28213361	28653526	28646533	28758861	28627002	28956441	29050112	28988982	29020746	29114118	29701074	29819985	30130595	30391782	30731262	30653276	31098183	31601113	32144771	
27606845	27793983	27904400	28329253	28261593	28324918	28438457	28822720	28828048	28862596	28863866	29241838	29708829	29868299	30208042	30413642	30726590	30747395	31343071	31758361	32275429	
27441039	27646076	27550961	28003453	27936390	28210251	28394408	28706250	28817900	28808612	29054258	29260491	29827559	30004804	30287842	30507090	30935513	31075021	31625995	32025667	32586114	
27241178	27395249	27231831	27665588	27866291	28207812	28343162	28720384	28823920	29031656	29183763	29478943	30054672	30156240	30453396	30762499	31264345	31369987	31907733	32397052	32855313	
26786521	26924339	26645018	27320535	27628700	27914796	28106066	28488998	28853772	28992505	29243307	29558180	30055028	30175952	30537517	30999007	31394535	31460847	32056288	32498467	32577616	
26349064	26389743	26331142	27143143	27404363	27730967	27947385	28600813	28823780	29032306	29305779	29548129	30078175	30297450	30771578	31202736	31476054	31634485	32230092	32227749	32356615	
25890563	26035936	26088965	26821569	27138037	27479635	28005165	28524160	28836366	29062973	29300995	29644027	30196414	30562238	30960224	31351320	31578253	31763868	31956477	32008015	32012926	
25597026	25781929	25657195	26407407	26815409	27443455	27865922	28434420	28791885	28920131	29236857	29611462	30266032	30605784	30947162	31381709	31583782	31285781	31584965	31562996	31950913	
25451325	25504085	25364115	26058905	26853987	27324490	27840906	28351175	28733977	28930225	29288596	29792696	30402498	30676528	31045385	31424854	31165985	30919205	31154862	31642597	32019418	
25129731	25200371	25080777	25990945	26768778	27280118	27807179	28225477	28659637	28898546	29440060	29857456	30418972	30727235	31050958	30888353	30783869	30446602	31112219	31669778	31919576	
24916161	24931925	24993865	25775654	26637784	27154705	27623223	28092509	28598380	29038902	29487240	29869504	30478195	30724056	30570583	30403495	30330620	30468205	31148140	31575464	31733218	
24708833	24943461	24915140	25602230	26531581	26979523	27502647	27963334	28664590	29088924	29427152	29905463	30479360	30217123	30193531	30015072	30300421	30522130	31059338	31335934	31406714	
24785042	24874283	24895105	25349202	26317430	26893498	27437191	28117965	28841725	29134933	29497668	29892991	30021648	29829434	29749097	29995402	30255477	30406993	30816247	30939999	31277234	
24938465	25010409	25015390	25344924	26344234	26937961	27742543	28508271	29087019	29414804	29746383	29618090	29822112	29599133	29908672	30284307	30342073	30354739	30613649	30937482	31420110	
25305200	25397191	25353431	25757465	26714684	27528744	28315192	29104614	29681493	29980640	29820405	29712627	29870800	30118035	30467168	30787514	30578012	30408858	30848445	31414407	31862129	
25651597	25652679	25595399	26071574	27160360	27974764	28714794	29604395	30112738	29878959	29800909	29689310	30203815	30525092	30761384	30842974	30513102	30578139	31288533	31858509	32480675	
25880204	25802220	25844735	26494619	27484275	28270309	29115794	29926389	29965008	29761124	29591075	29989130	30496525	30763251	30744133	30664957	30600884	30959930	31684888	32375676	32826495	
25702527	25684572	25951146	26422566	27412958	28334745	29168926	29288513	29490757	29186674	29533101	29971174	30406070	30350576	30280406	30395817	30665523	30894043	31824097	32233542	32563624	
25807503	26001383	26232605	26498865	27613376	28424087	28664342	28772770	28974249	29188904	29567829	29903051	30182257	29999497	30167766	30546000	30840644	31146820	31893827	32111765	32542716	
26260250	26402696	26434342	26741913	27875688	28102069	28377227	28431716	29148059	29426042	29682458	29721962	29966700	29986793	30452649	30828463	31341387	31311234	31852184	32163759	32452062	
26807115	26860247	26801618	27175081	27778544	28019762	28209293	28812856	29513457	29755171	29790895	29743747	30219960	30502024	30928094	31503192	31723655	31493539	32077048	32227505	32427823	
27178604	27175501	27040682	26894379	27566473	27731232	28401191	29211438	29704666	29710354	29675912	29898919	30581957	30827985	31447841	31705430	31721516	31576549	32036540	32107356	32800261	
27471315	27398280	26814057	26620793	27181534	27815223	28566446	29364386	29623800	29559476	29742235	30301909	30946305	31378465	31699716	31731404	31848047	31559906	31920264	32520239	32878285	
27413772	26856579	26471469	26014072	27000705	27681912	28342616	28857606	29097990	29206255	29794319	30407123	31183933	31260554	31422644	31522895	31589848	31275724	32181557	32467849	32702868	
26934677	26504999	26029338	25937507	26862208	27476058	27897918	28260296	28781269	29308233	29938823	30616617	31146176	31026180	31251981	31287308	31379986	31546331	32168405	32294774	32167215	
26240673	25851698	25753735	25677408	26353428	26770634	27128402	27696791	28587917	29171599	29925741	30268286	30619434	30614091	30774082	30801534	31276753	31361651	31715586	31515109	31570291	
25843127	26051742	25786155	25717499	26070209	26462531	26992848	28015902	28825846	29612698	30002637	30133611	30569196	30505477	30630433	31204770	31276790	31387325	31261262	31252706	31253037	
26092346	26364703	25831799	25613275	25843617	26487046	27379972	28416190	29413850	29816081	29896315	30144044	30500093	30447219	31034202	31437884	31211623	30993862	30984604	31060099	31311490	
26610473	26659951	25960523	25616203	26094738	27090518	27868072	29174822	29815713	29840609	30094798	30302913	30613017	31113318	31436510	31643793	30985964	30959494	31017307	31453488	31580565	
26755566	26605032	25819968	25664147	26567883	27516375	28554843	29498418	29774008	29933707	30154092	30347846	31130101	31427815	31528014	31333941	30770253	30879792	31285167	31677902	31871890	
26646557	26283973	25800070	26006660	26991834	28164814	28950713	29398789	29845004	29927273	30101633	30862880	31290762	31435261	31123568	31001096	30577207	31083178	31413449	31885983	32255379	
26340911	26184790	26215546	26301984	27599694	28402819	28883911	29253654	29753025	29742073	30438358	30919710	31266833	30902202	30754296	30684011	30658950	31044885	31510889	32106299	32256836	
26231926	26512626	26678070	26797238	27809335	28302383	28819554	29124185	29578057	30074006	30586116	30846799	30825792	30484432	30429433	30754000	30692475	31037781	31737573	32093290	32050105	
26619740	26883954	27259380	27079337	27716595	28266984	28780591	28981125	30014234	30279768	30626985	30434360	30585968	30277609	30630928	30873559	30905371	31400441	31821578	31809291	31973837	
27444010	27904130	28013849	27481179	28164906	28616801	29016185	29803170	30600550	30763677	30682122	30639354	30725855	30914788	31126853	31517801	31630459	31868534	31866789	31983911	32096810	
28295310	28452925	28274081	27786840	28263853	28619479	29547100	30214610	30854915	30577898	30591554	30577143	31165960	31320001	31588143	32080731	31940636	31689003	31848279	31975022	32249823	
28987456	28741950	28744311	28142892	28372766	29297617	29947761	30508026	30719551	30528771	30592460	31095551	31594854	31790042	32161752	32389683	31882232	31643388	31938025	32204596	32819690	
28935674	28734921	28676204	27967440	28722955	29287843	29927282	30009427	30357495	30214638	30737631	31117688	31704940	31973270	32142923	31872008	31668496	31353937	31890458	32478886	33141815	
28858641	28577662	28372902	28188007	28724473	29150634	29369105	29538397	29979518	30283711	30734220	31181456	31848080	31917183	31673888	31544778	31517275	31334850	32280032	32724261	33430016	
28707820	28223564	28532141	28101283	28584392	28489519	28869677	29132334	30050719	30325436	30819850	31322486	31816139	31382642	31365880	31373611	31524760	31664842	32498867	32964772	33359129	
28594237	28531704	28598492	28049399	28026218	28109816	28570101	29374504	30215023	30532143	31037897	31312280	31460911	31188535	31308174	31467417	31961561	31913542	32739873	32997570	33424095	
29153274	28819330	28846257	27763814	27829188	28035853	28950220	29740891	30568385	30905657	31214346	31109395	31428769	31307690	31562887	32050935	32394654	32352045	32814016	33276699	33805649	
29615401	29270182	28648393	27701829	27866548	28556765	29384328	30223996	31025612	31205331	31135094	31190068	31644319	31693120	32322460	32721931	33044020	32615069	33147882	33798710	34306147	
29994475	29117316	28516066	27728571	28373274	29007415	29800851	30838341	31341306	31192485	31314431	31500792	32090557	32457301	32991398	33308685	33290830	32940805	33644469	34266328	34700872	
29546445	28723729	28157650	27979645	28456910	29202670	30018584	30861017	30990454	30991172	31293635	31710578	32571672	32878739	33349374	33294379	33375706	33324192	33916003	34462421	35036533	
29107855	28333792	28130639	28030246	28534038	29162692	29789819	30197082	30547666	30645891	31162054	31905072	32721089	32994290	33164411	33170172	33489508	33460045	33896045	34632409	35173032	
28545328	28284401	27957050	27977526	28341708	28799703	29083268	29457534	30103227	30415488	31318998	31997623	32880744	32810613	32950326	33121456	33481261	33327967	33922435	34594352	35236689	
28512619	28317256	27849164	27724278	28008297	28023562	28356346	28975303	29900880	30533500	31324623	31930892	32487419	32512266	32836400	33136809	33340723	33378697	33957024	34736837	35114398	
28535477	28349799	27511373	27493490	27234313	27336465	27897674	28928795	30040783	30689916	31440187	31656812	32320313	32540417	32889140	33018134	33480922	33334751	34137906	34623843	34789451	
28813309	28516737	27516704	27209367	26955495	27281380	28107491	29487837	30383538	31137499	31464572	31719855	32542613	32780762	33052728	33363442	33716307	33631594	34245699	34408109	34612761	
29125006	28710905	27250158	27109588	26918223	27435956	28439742	29828771	30654554	30993991	31350194	31810916	32714763	32886721	33403141	33665572	34004683	33673278	34015994	34207718	34748120	
29476173	28605642	27307308	27252207	27148540	27900286	28727195	30204210	30608853	30993746	31482038	32055397	32843709	33195357	33634016	33991133	34044586	33443796	33823122	34310190	34818557	
29063064	28454936	27274659	27394456	27396472	28062955	28906534	29894077	30447018	30826050	31520491	31985157	32973975	33304874	33775609	33902980	33756620	33147438	33830602	34270699	34840223	
28802658	28409739	27308046	27611882	27601593	28361508	28635087	29651716	30315458	30866315	31488885	32178991	33048274	33404943	33669508	33507240	33433088	33170806	33942549	34362375	34964260	
28531753	28145742	27299510	27546241	27551452	27888775	28311266	29137680	30117083	30580485	31405603	32085180	32930139	33023662	33141496	32988226	33289332	33147559	33910465	34365938	34878827	
28342759	28278445	27449288	27567805	27282184	27634459	27943827	29037680	30001588	30688576	31408989	32026534	32711113	32623611	32725501	32965875	33355086	33170744	33957201	34403484	34951765	
28930684	28746231	27862680	27387301	27312984	27432328	28098129	29091619	30293757	30869210	31530369	31820020	32340518	32279228	32716736	33096891	33432493	33248982	33968627	34447036	34744870	
29465765	29270452	27974389	27561884	27499328	27761895	28381661	29671891	30640816	31134795	31513912	31531848	32106354	32485806	33035575	33361825	33676636	33392353	34154236	34390498	34647755	
30218438	29612681	28468476	28014524	28127749	28339345	29196435	30448788	31181653	31507916	31635140	31626316	32645842	33073103	33597177	33964550	33980325	33804294	34312842	34533943	34903103	
30409247	29936512	28754542	28585469	28550019	29120885	29772696	30947533	31350240	31500150	31617772	32124298	33135019	33583263	34077748	34272549	34164690	33818206	34371421	34755361	35152191	
30505733	29966051	28971228	28732140	28933452	29444595	29882998	30772191	31045533	31067663	31594069	32211108	33254474	33740959	34033306	34216267	33929659	33572076	34347944	34837396	35271879	
30530754	30209991	29295735	29157915	29204572	29590513	29733330	30286596	30658256	31034756	31709605	32385613	33407566	33749641	34023994	33901776	33781547	33629235	34472057	35058272	35749285	
30637332	30339904	29712920	29365173	29298256	29366001	29254455	29562481	30470245	30968684	31711164	32441175	33354074	33535033	33644427	33466624	33686968	33668056	34451977	35388968	36149563	
30691484	30621490	29912075	29381890	29070585	28750485	28661861	29252081	30297190	30915904	31779787	32322908	33134925	33129869	33256524	33327670	33676256	33717681	34570134	35784883	36402938	
30998639	30912064	30138249	29361214	28734494	28132262	28479490	29057603	30324887	31086788	31788069	32232342	32907342	32910989	33175545	33442807	33819186	34130775	35102292	36260355	36708193	
31563950	31355197	30438438	29409254	28664250	28227670	28423599	29319373	30629164	31349269	31861722	32081270	32605189	32868927	33321995	33698814	34300079	34728168	35579895	36640917	37199237	
32029707	31732052	30559452	29482944	28938110	28411425	28652333	29728760	30850345	31490974	31854572	31890269	32652239	33091293	33682676	34325493	35047682	35417595	36021983	37224763	37628480	
32580662	32021480	30843554	30126756	29391569	29170435	29321484	30298003	31211598	31703298	31834895	32094423	33001383	33633094	34563457	35253856	35947419	36142517	36899483	37793942	37980973	
32452353	31843155	31013755	30277362	29514528	29535573	29583078	30519563	31178509	31391622	31797416	32223066	33335067	34239848	35271253	35862302	36352336	36879998	37278995	37949100	38388799	
32158692	31890728	30972487	30435189	29643970	29602737	29649734	30255016	30694237	31114509	31629491	32359754	33811041	34776974	35679841	36170835	36702657	37167082	37443659	38137294	38663760	
32035940	31799255	30922383	30554764	29525243	29525864	29440428	29648437	30322351	30809009	31650670	32701989	34231324	35052865	35760047	36423307	36702080	37164133	37634270	38180470	39059973	
32004480	31818494	30944603	30387250	29321477	29077967	28795170	29112074	29974198	30751237	31962586	33035959	34502412	35167268	35980146	36451529	36613374	37322821	37837241	38549348	39300925	
31806457	31693782	30568119	29924732	28622376	27991541	28033479	28483777	29600064	30800079	32112432	33044715	34359855	35303975	35835576	36360125	36787588	37433716	38206605	38703902	39639246	
31870648	31314437	30161900	29286090	27872661	27235763	27412389	28143372	29571363	31011702	32221607	32993191	34555285	35195414	35684487	36416716	36889678	37827951	38452848	39154348	39760906	
31955425	31125206	29797216	28806001	27670459	26930743	27176852	28216969	29747814	31219621	32217351	33354595	34502976	35097051	35814362	36597426	37339959	38208102	38983880	39444388	39781130	
32063881	30888913	29648826	28823250	27803248	27007627	27140968	28297067	29705498	31176744	32444198	33200051	34294604	35213425	35881007	36946378	37562811	38725047	39108025	39594861	39673261	
32170754	30818101	29973915	29157805	28391572	27668481	27729760	28786297	30009531	31631285	32613132	33323973	34727512	35698146	36754543	37600178	38373298	39204936	39307330	39732592	39585859	
32028888	30923492	30277080	29487457	29011306	28028957	28103164	28990324	30325136	31668441	32496050	33491055	34941591	36205558	37172829	38240977	38745839	39411965	39338187	39720270	39549679	
31955058	30969058	30527923	29939652	29342933	28172164	28168102	29203940	30017981	31379114	32561521	33535275	35460424	36412941	37713193	38380555	38928857	39234909	39434634	39572817	39559739	
31810490	31168233	30959022	30263229	29587044	28193332	28225466	28975867	29499190	31225645	32446017	33849176	35597025	36817023	37823567	38289861	38879499	38960592	39444349	39387205	39562756	
31752816	31471761	31211460	30454967	29515121	28092193	27743558	28497595	29340446	30961086	32552771	33765002	35777690	36700352	37655422	38178184	38830739	38785812	39325092	39443335	39918086	
31963461	31874784	31542689	30529409	29475833	27882246	27250905	28292298	29108950	31065861	32603212	34058600	35822186	36487056	37440284	37994993	38651990	38819356	39481201	39875038	40208584	
31900573	31963824	31471190	30439376	29232441	27828136	26981555	27827953	28780320	30665817	32606045	33760867	35293933	35922065	36951878	37763723	38452491	39036932	39671265	39952863	40611358	
32112463	32051099	31684083	30313100	29077203	28145930	27090142	28072185	28776396	31065978	32703118	33576004	34985222	35611549	36841470	37990028	38680931	39502544	39974608	40694313	40999938	
32205803	32322263	31885558	30525583	29447470	28602824	27845957	28279784	29291394	31291142	32738648	33487036	34794949	35636520	36917410	38195337	38757286	39736252	40382879	40842254	41515042	
32630672	32648703	32016000	31247179	30149817	29807960	28859145	29296193	29905009	31485965	32729793	33505196	34750693	35873721	37199284	38409653	39052355	40131894	40657191	41273941	42118968	
32761978	32820215	32596102	32140644	31442305	31011994	30494520	30167470	30520352	31552996	32841161	33575080	35020036	36214761	37565666	38892146	39675609	40403692	41114668	41832719	43057887	
32823182	33439683	33490557	33561392	32973297	32778497	31967885	30894831	30904505	31647450	32892909	33802847	35293844	36582343	38187205	39539742	40153915	41186377	41992188	42774502	44320131	
33314462	33935530	34551849	34494650	34459174	33808430	32681442	31019176	30902941	31414398	32919066	33943779	35441316	37130150	38799653	39909494	41048888	41963489	43001409	44127056	45598453	
34335255	34877164	35454083	35839211	35548377	34520105	33042389	31143708	30830605	31401371	32973308	34193763	36237957	37929282	39610417	41141649	42006824	43208930	44307221	45485492	46960688	
35690165	35565354	36520880	36551712	36097224	34672074	33039989	30823566	30569142	30989055	32895012	34694246	36933313	38488682	40785544	41910647	43203857	44328356	45506499	46825647	48325400	
36613835	36667397	36726205	36741075	36171343	34507050	32742243	30497535	29890574	30512291	33242277	35131228	37542969	39547547	41787048	42949042	44414225	45508944	46678634	47806553	49244752	
37704523	37307211	36841481	36576293	36099218	34255571	32480079	29965524	29264311	30436023	33470282	35458759	38284723	40437656	42761314	43913241	45370396	46398772	47528185	48887456	49653568	
38485537	37609189	36745867	36113330	35720481	33962581	32014758	29599837	29182075	30383044	33590883	36132769	39008804	41403702	43712059	45058330	46334388	47303909	48718148	49228698	49210248	
39008450	37482058	36532117	35455560	35400194	33602923	31629680	29652442	28946503	30000544	33809054	36504803	39667093	42256762	44502305	45906013	47142124	48443759	49160229	48650797	48477909	
39008345	37146068	35917167	35015363	34634364	33422885	31747925	29808126	28494049	30017459	34056224	36901210	40370443	43060000	45686338	46735355	48195586	48671322	48511668	48101730	47561140	
38843242	36798383	35159629	34304226	33824327	33667405	32056998	29930185	28521149	30025818	34310580	37586881	41027522	44275066	46632213	47616968	48223138	48026498	47957752	47330166	47510402	
37783896	36108996	34067667	33008156	33620942	33855555	32159170	30037950	28188837	29630291	34336386	37651387	41525503	44814260	47186311	47245041	47326283	47120143	46878439	47058617	47836293	
37075287	35502176	33787805	33273947	33835172	34124329	32826199	30533480	28500232	29955249	34505968	38549812	42346337	45732396	47189532	46679598	46601384	46420060	46686398	47669368	48221825	
35857830	34876823	34264869	33281176	33408241	34367897	33465614	31043806	28905717	29638878	34919034	38801579	42781570	45674506	46279554	45724392	45518452	46100966	47018110	47773295	48793209	
35473791	35372641	34980222	33770329	33439291	34887086	34297262	31841315	29284902	30292938	35202105	39326966	42799632	44992094	45579136	44897996	45424922	46737434	47554217	48262223	49559676	
35745101	35749566	35417167	34687331	33802830	35149674	35067461	32387810	30159584	30383035	35276728	39176666	41788288	44164292	44646774	44690508	45777522	47340849	47910303	48858416	50423119	
36330648	36383349	36166425	35760836	34366086	35906617	35956296	33503092	30756749	30544368	34890012	38142380	40848100	43422254	44511492	45133270	46330091	47995659	48633272	49895431	51204020	
35212238	35961518	35923047	35560905	34103202	35091369	35837107	32912216	29955127	30319623	35162173	38251531	40498667	42619771	43384119	44224986	45600778	47035831	48424482	49103643	50640693	
34267006	35136183	35233925	34931938	33394383	34478843	34989016	31946609	29779739	30541317	35332991	37893203	39364347	41228261	42026422	43031698	44303457	46360412	47106517	48155949	49377943	
33650410	34316418	34930583	34602324	33538398	34113795	34513402	32257350	30492042	30700132	35218330	37174298	38187150	40158339	41115441	41979380	44028323	45156196	46497114	46924860	48544819	
33930484	33990213	34551886	34649240	33609889	33567742	34085254	32696136	30695482	30017510	34385556	36223182	37287533	39234563	40173448	41840115	43041322	44738420	45467742	46147841	47808623	
35404929	34544614	35627276	35651827	34734250	33774510	33755740	32617712	29913004	29690672	34611882	36610351	37882071	39543240	41262067	42190368	43681456	44902960	45781279	46394625	48413216	
37115856	35784516	36519139	36744294	35600578	33104424	33038666	31759152	29741866	29305688	34691445	36762721	38121618	40455943	41490490	42837956	43739030	45118165	45786969	46829890	49034449	
38627791	36655572	37264563	37275363	35581519	32437411	32340039	31705153	29764459	29153742	34774280	37003169	38923032	40832653	42049761	42955893	43879848	45042248	45974615	47283728	49648806	
39898716	38222207	37777263	37036627	35700467	31908411	32446419	31909009	30114330	29158362	34880721	37822700	39168777	41553677	42317187	43166416	43875274	45312647	46448810	47984600	49750830	
41375466	39260196	37077968	36833960	35397828	32318664	33210694	32563051	30695445	29213690	35777055	38077156	39714718	41983138	42652777	43150195	44156432	45679741	47123951	48137123	48952144	
41690850	39103074	36439360	36006744	35493084	32796314	33466461	32879025	30948926	29906101	35729180	38682960	39913668	42406665	42700955	43291676	44518963	46360221	47307437	47571786	49463188	
41358797	38940787	35566539	35713239	35376183	33025148	33556620	32931939	31625376	29648047	35840969	38646009	39993786	42332758	42843687	43256976	45102884	46439470	46670485	48104629	49631138	
40935461	38470309	35639753	35963087	35663524	33691390	33710305	33920498	31733261	29834135	35717159	38874234	40010294	42420631	43039304	44013496	45364868	46249043	47353417	48673540	50042564	
40302078	38516346	35983798	35997339	35785211	34156798	34764773	34153124	32276200	29908466	35766637	38527575	39879470	42414683	43775253	44224551	45143340	46792322	47705477	48957475	50247798	
40008664	38921696	36283641	36261257	35928196	35505193	34901182	34729802	32558916	30341715	35524397	38530862	40123157	43084551	44194193	44211068	45920270	47460935	48246521	49483818	50534635	
40498269	39269712	36701934	36444613	37183840	35998987	35707667	34870281	33007020	30218392	35493585	38560118	40772084	43073736	43714525	44632413	46430388	47799976	48768281	49640422	50939398	
40654740	39739718	37174639	37466642	37616915	36762251	35865663	35186716	32984186	30154611	35298634	38929668	40831686	42527513	44063605	44907358	46649480	48112017	48889652	49932790	51029966	
40991525	40117630	38102707	37740030	38549546	37111372	36305615	35179225	33136638	29887775	35381099	38972367	40409590	43001346	44319275	45159359	46850916	48028973	49079539	49764455	50883894	
41177406	41045981	38397982	38145242	38999496	37528357	36021011	35181682	32983337	29951679	35001109	38466316	40695644	43242643	44509861	45400154	46844371	48094803	48933535	49531384	50609359	
41558369	40905700	38506118	37667122	39058075	37009455	35150312	34116081	32366155	29365469	34641800	38161144	40236567	42476719	43931078	44552891	46031733	47038907	47992440	48619401	50012879	
40482520	40118366	37997184	36886577	37928789	36133914	33400955	32902045	31192075	29079878	34141198	37250123	39081835	41277112	42694925	43502591	44609649	45574694	46469477	47469241	48532691	
40143062	39776802	37866943	36101895	37390892	35358517	32888991	32183755	30260346	28922752	33444645	36660667	38391442	40211415	42101859	42755577	43752536	44569017	45779613	46605243	47517959	
39056606	38897785	36610531	34776380	35761139	34075125	31055729	29978442	29160922	28079267	33234431	36579940	38426201	40250737	41863581	42552844	43311249	44467255	45516461	46356337	47266184	
38142890	37570820	35371253	32873806	34181248	32073978	28722933	28718527	28401586	27911888	33338041	36651326	38602808	40102044	41652169	42067686	43084782	44196980	45145930	46273285	46997172	
37165438	36883121	34070860	32398454	33313632	30734669	28668493	29052126	28216040	27998227	33342338	36582862	38351256	39840723	41283862	41952168	43125868	44194116	45048317	46139350	46531037	
36819362	36096397	33483575	31383731	31970696	30402590	29282031	29641143	28492820	28083051	33489121	36427715	38061690	39560999	41179127	41844595	43214951	44158564	44843171	45650580	46350953	
36247021	35852157	32502465	30376230	32113042	31041197	30058291	30226770	28770471	28683711	33706999	36443792	37651491	39653587	40934327	41809739	43333354	43984351	44115398	45091749	45693671	
36046859	34788073	31165948	30523764	32487377	31603247	30575904	30143559	29492595	28858659	33798450	36159233	37540881	39822675	40827729	41787388	43087853	43305506	43626941	44215375	45393602	
35234946	32970179	30498965	30720910	32817306	31957969	30152770	30259954	29567056	28794179	33618926	36289212	37538550	40028272	40660677	41547840	42486823	43007378	43050066	43833891	45232803	
34004240	32021650	30590161	30772241	33281866	31846253	29738293	30017055	29633574	28497673	33705877	36324161	37494171	39878244	40360621	40772456	42084611	42589299	43193794	43710458	45388166	
33071602	31769179	30622397	30790228	33013127	31547527	29424999	30190174	29634029	28708575	33690601	36286641	37187634	39356291	39487628	40156197	41163281	42392394	43047884	43459918	45353253	
32939114	31536278	30838281	30765798	32646958	31575874	29913469	30484628	30100096	28869768	33872472	36184427	36911204	38579291	39004326	39403714	40812289	42188569	43046987	43384558	45142777	
32796535	32154082	31520869	30927315	32695711	32420848	30773055	31721633	30737527	29382927	34126742	36281915	36588160	38374093	38833199	39604810	40831280	42361680	43182585	43477866	44868822	
33480269	33153218	32081868	31644204	33250451	32932068	32093724	32723806	31360436	29580263	34153960	35774675	36473126	38034232	39091945	39898669	40955363	42449872	43367011	43525983	44488982	
34204913	34382145	33539113	33162550	34477213	34335219	33796293	34101859	31945470	30199809	34041322	36001055	36556821	38592502	39795680	40646582	41523571	43066292	43770302	43893773	44233936	
35559886	35645770	34532621	34514170	36024416	35287908	35267198	34523887	32232824	29984111	33896770	35871744	37018191	39233545	40470913	41343770	42190665	43339245	43974774	43802633	44113930	
36510051	36389728	35219459	36279431	37155599	36142695	35860002	34458273	31734926	29673039	33553267	36362230	37609676	39687780	40925913	41846838	42317958	43376833	43708232	43858131	43634698	
36986085	36677768	36138336	37250470	37750306	36089627	35737548	33690689	31408694	29075896	33631597	36783679	37883987	39783744	41056941	41581171	41832752	42489283	43160886	43160773	42210467	
37082971	36972591	36567217	37716227	37542110	35769255	34872682	33122363	30916901	28981578	33462070	36579030	37663863	39510402	40541002	40800087	40800698	41641825	42109120	41516002	41007888	
37487119	37137439	37151037	37866428	37240539	35034166	34424009	32723839	30958146	28935466	33262714	36446077	37657632	39078204	39930885	39904298	40082029	40653828	40523716	40330150	40574267	
37590197	37384247	37081696	37543347	36227020	34378427	33812733	32794418	30780848	28759988	32967115	36115388	37225384	38342715	38885682	39060743	39071128	38892768	39232080	39629319	40010533	
37660110	37088005	36833846	36617805	35434032	33522370	33811267	32669475	30470095	28555634	33024053	35938091	36826240	37384087	38119624	38135937	37419839	37466231	38330430	38775504	39302585	
37439256	36805553	36172064	35897683	34413185	33446100	33972602	32619402	30387099	28925422	33051804	35714511	36114648	36831471	37341188	36735284	36316868	36565913	37534869	38026354	38369784	
37421713	35985318	35758335	35042105	34285508	33568096	34111692	32714683	30882334	29334282	33092781	35270314	35857051	36217380	35936990	35626354	35760293	35876843	36848940	37090340	37633704	
37067665	35922462	35555708	35414173	34721859	33980785	34663114	33242007	31250785	29629784	32859771	35263106	35515031	35009887	35164217	35493178	35594978	35574127	36240431	36736571	37087697	
37165313	35882077	36309944	36053730	35189882	34622635	35134532	33424462	31557965	29694440	32761605	34710974	34267270	34105244	34965429	35255757	35319402	35021518	35822002	36216538	36676760	
36708665	36364694	36977264	36407032	35451235	35282564	35240454	33492615	31417520	29641959	31946434	33226862	33090160	33727597	34576807	34850038	34615762	34530354	35144762	35748312	36099562	
36423498	36685356	36982824	36377537	35554490	35194204	34499055	32397916	30403845	28706572	30909702	32220514	32450957	33039313	33708794	33674572	33606978	33452530	34151292	34754494	35512938	
35509025	35946341	36341084	35769857	34544027	33895232	32438061	30531330	28606033	28457941	30380703	30952662	31090830	31449187	31840473	32047015	31882849	31993991	32529055	33613361	34302467	
34897117	35665694	36023805	34869205	33500958	32510483	31008962	28815549	27445157	28043927	29850126	30274036	30319169	30253577	30875619	31001691	31208309	31254071	32128431	33042411	33940620	
35293297	36278224	36130116	34678219	33078754	32285895	30469600	27999512	26997094	28527003	30206055	30466638	30130350	30169470	30492136	30921546	31032540	31441492	32143128	33199109	34029605	
35796591	36320411	35770312	33912721	32660426	31657345	29449963	27511805	27307600	28704644	30313653	30045931	29994513	29728911	30342007	30687437	31159573	31489097	32331320	33240670	34173499	
36321762	36341113	35302888	33606031	32227434	30775848	29207584	28306915	27886175	29201808	30089576	30194980	29734314	29784734	30200120	30776458	31218582	31604809	32331029	33288476	34184719	
36565346	36103421	35103162	33176871	31371801	30619105	30152760	28992446	28369347	29094153	30228185	29996813	29814171	29712453	30329583	30819097	31334928	31637350	32400747	33404014	34108077	
36645453	36186128	34884631	32370183	31182581	31515676	30872842	29568463	28472313	29420403	30076043	30150073	29826421	29949603	30420019	30905430	31363690	31739891	32531236	33302501	33805546	
36789229	36009382	34005248	32107354	31919953	32084371	31234628	29526584	28751782	29277622	30219916	30163586	29958060	30111588	30471269	30876017	31414750	31843277	32438656	33026795	33560975	
36679203	35187539	33691659	32768128	32481692	32528637	31042097	29612503	28460071	29363995	30145757	30362301	30005059	29978480	30421848	30895629	31412064	31701175	31998530	32610220	33215799	
35936373	35040111	34414960	33319486	33047773	32481065	31132497	29342801	28456559	29437209	30278135	30519257	30037770	29917040	30361293	30961874	31280883	31434478	31634334	32229957	32800190	
35678388	35636549	34795971	33831978	33146850	32609172	30902492	29493488	28163056	29421180	30451998	30463567	30063835	29976464	30428453	30893128	30981261	31217961	31368402	31953343	32364900	
36408417	36099409	35402786	34010330	33444368	32443764	31244486	29753572	28335060	29783948	30644665	30748673	30311820	30331257	30663110	30782225	30906499	31216918	31312393	31779938	32163793	
36855380	36490543	35375367	34206505	33265479	32629921	31438459	30162995	28625923	29800754	30712420	30913335	30682098	30566569	30760566	31019606	31132001	31291154	31490063	32040468	32567662	
37418680	36560484	35599794	34074164	33549492	32811408	31960352	30485654	28747315	29877035	30751880	31229767	31030586	30827501	31152173	31543938	31619177	31827826	32098049	32637797	33057535	
37328521	36506311	35205275	34104105	33444591	32975291	32149197	30455826	28699870	29813541	30921016	31385157	31168670	31190202	31679357	31873752	32093367	32396202	32616316	32875460	33225800	
37277440	36138866	35106492	33962422	33435856	32976994	32010917	30336701	28621850	29941093	30934958	31424281	31562421	31770378	32149731	32546518	32789813	33062977	33079085	33174617	33709451	
36779065	35982213	34880855	33939929	33288225	32777718	31868376	30189161	28555444	29924311	30775906	31715824	32064883	32167742	32691055	33204988	33483192	33489034	33338426	33678990	34151967	
36360049	35528249	34568021	33610707	32770504	32422064	31499319	29835258	28338591	29504614	30687314	31878063	32206150	32452639	33006662	33569940	33711946	33581600	33729860	33904195	34260996	
35848715	35203897	33989873	32922632	32181028	31836409	30874156	29391553	27859536	29327872	30705501	31901292	32424581	32704030	33255812	33636056	33674506	33861664	34000191	34047052	34501756	
35450721	34785449	33248136	32391734	31649143	31343628	30464819	28875366	27709560	29303595	30617346	31981265	32658922	32885050	33256600	33536638	33884178	33967987	34048708	34290678	34659312	
34997069	34062738	32474834	31755121	31062282	30842597	29815880	28563204	27648443	29122718	30582483	32066816	32755260	32784988	33095032	33638078	33905421	33910724	34125288	34414132	34640351	
34362559	33228583	31797718	31193985	30605054	30215389	29427855	28430560	27544963	28949626	30535579	32129885	32588817	32577547	33134275	33575876	33793913	33925241	34169329	34293052	34534909	
33782076	32651555	31386518	30886275	30144420	30140526	29554081	28523632	27655245	28938962	30625730	31915716	32440480	32636062	33074377	33470304	33753168	33910032	34060001	34176412	34689640	
33455280	32332559	31199858	30613895	30162979	30445730	29866763	28904390	28052401	29261891	30673955	31978291	32745363	32748224	33085043	33529531	33856543	33878970	34006665	34370943	34891600	
33232011	32116592	30889343	30663493	30436146	30807693	30351472	29408669	28459321	29283713	30763967	32200123	32924810	32775421	33127045	33594601	33824980	33916023	34388975	34753218	35013896	
32941991	31629812	30828300	30851393	30657604	31253093	30827180	29778840	28547764	29187876	30834320	32131187	32979678	32964996	33343026	33688817	34052024	34516310	34918901	35106935	35414260	
32701875	31682351	31304824	31253539	31294618	31965389	31425171	30073177	28751475	29359055	30894646	32303383	33380733	33495829	33719644	34140065	34789203	35240222	35427106	35688469	35807146	
32975374	32249259	31903500	31892911	32103828	32659008	31889336	30373498	29061230	29299217	30977628	32664668	33980062	33986819	34246386	34939038	35543331	35788003	36091484	36188505	36253980	
33529754	32783731	32588114	32631509	32737039	33085593	32224671	30782969	29229730	29284139	31258527	33022255	34440092	34500131	35041411	35660370	36098400	36515485	36686380	36699703	36736241	
33910497	33254058	33148607	33222755	33007103	33136531	32558501	30760084	29224385	29272773	31385709	33219996	34689207	35117533	35545700	35994776	36560793	36778328	36930883	36951577	36918930	
34112042	33582643	33533375	33404935	32898387	33217511	32490050	30646929	29328845	29144895	31384488	33174305	35121961	35429318	35673528	36248085	36620530	36779353	36844515	36848566	36123666	
34431501	33941723	33657521	33354669	33020221	33001620	32419831	30790269	29543473	28878236	31254573	33612221	35427390	35559318	35905373	36282460	36618595	36672161	36739620	36020416	34773065	
34681445	33967453	33567315	33480335	33051954	32725925	32594781	31069669	29658292	28379401	31419453	33678812	35417120	35625161	35770958	36144487	36347453	36388010	35665044	34440443	33772203	
34931824	34185594	33916376	33705519	33173862	32868372	33138474	31548861	30105248	28610604	31638033	33818675	35692482	35696461	35838256	36100236	36284615	35572867	34404282	33726306	34070663	
35071909	34539583	34181408	33816237	33414907	33151501	33512706	32146565	30846845	28721760	31585062	33979029	35778982	35745559	35808655	36102718	35492884	34323217	33648445	33932936	34079114	
35361970	34784311	34362348	34071248	33756448	33420603	33768064	32836100	31213443	28713663	31672810	33856017	35804320	35681082	35773165	35290937	34306330	33687572	33961905	34087349	34250253	
35597797	34991260	34723614	34451866	34077229	33675906	34402696	33301213	31420715	28922510	31512719	33770354	35788370	35645417	35077375	34160490	33681140	34036229	34183791	34327687	34332686	
35864267	35443143	35204039	34875032	34420277	34292385	34777808	33518918	31765505	29020402	31512675	33754679	35762588	34998480	34023571	33657081	34120360	34335912	34515050	34453673	34693974	
36468063	36120489	35759448	35408187	35200499	34875166	35146354	33963557	31895520	29209737	31326965	33496760	35082394	34054799	33592127	34162488	34570302	34780622	34733765	34979250	35175117	
36968160	36570201	36163572	36055686	35734021	35139083	35427862	34147071	32034326	29341822	31009165	32684921	33985908	33570480	34008379	34457399	34803585	34772724	35028457	35238208	35481757	
36816845	36475046	36447738	36069677	35571953	34989546	34799595	33661270	31494236	29002151	29971475	31319704	32900994	33407657	33725045	34121679	34240534	34468223	34712136	35004283	35211396	
35782994	35816228	35661053	35057715	34595540	33818289	33320712	32251268	30281939	28663755	29624836	31198292	32001251	32310935	32591995	32756962	33142989	33358556	33628455	33912374	34259042	
34644094	34544885	34227213	33678582	32977543	32136868	31439070	30682945	29561615	28594716	29467996	30118571	30445953	30727411	30838624	31272451	31613104	31872927	32166070	32608324	33113356	
33875047	33602159	33501456	32815501	31941134	31043762	30152415	29614713	28798390	28518602	28990661	29252355	29549935	29610222	29931531	30334140	30693693	31008778	31453200	32028024	32658961	
33908949	33810100	33501593	32803460	31834344	30756041	29230671	28262700	27968180	28560219	29002623	29321325	29384786	29607471	30000314	30427633	30808776	31267596	31894276	32539885	33153216	
34061470	33755497	33510490	32761694	31589787	29775045	27848866	27399976	27997201	28530457	29028973	29120120	29407689	29727340	30103929	30521008	31096266	31729364	32425713	33035552	33359880	
34249634	33961685	33689019	32768512	30937894	28615329	27285405	27724216	28235490	28831088	29083189	29428188	29824089	30125592	30520131	31100839	31838747	32521564	33159309	33479491	33592214	
34297346	33967350	33600259	31949897	29642720	27801526	27398395	27709791	28317181	28655712	29118999	29567388	29935331	30282852	30784580	31505804	32286733	32935798	33295286	33486123	33692681	
34317051	33958098	32855774	30793859	29048977	28141036	27537578	27864262	28202295	28724708	29322025	29828402	30283979	30725835	31308785	32092758	32809679	33151401	33388176	33655332	34033949	
34079273	32921015	31394488	30002722	29255779	28263523	27636451	27346638	27929389	28600026	29270685	29893298	30474896	30971576	31647405	32418696	32850604	33074817	33409351	33833014	33942828	
33070996	31384485	30513765	30139528	29286194	28453810	27458005	26916364	27689445	28459950	29276509	30065963	30723845	31316942	32013153	32485255	32770036	33113074	33565045	33752343	33960805	
31418617	30243523	30315734	29969148	29259684	28187929	27004908	26332129	27199388	28101405	29149179	30045745	30768688	31330069	31698257	32001534	32416670	32927619	33133451	33372517	33706109	
30493992	30276331	30295057	30013125	29222220	28088921	27016494	26282215	27009358	28072280	29166706	30171075	30821916	31061264	31279523	31661943	32223712	32507282	32781060	33159610	33838315	
30522430	30315196	30205662	29860785	29138916	28115907	27016056	26330047	26922435	28005913	29183492	30082229	30444937	30547486	30830658	31418815	31698447	32095495	32497559	33234940	33549244	
30623629	30470705	30204256	29898959	29347230	28358587	27314448	26523964	27009522	28149551	29192732	29790654	29987859	30159333	30646312	30952334	31381452	31851232	32598135	33013651	33330903	
30840604	30503205	30259882	30028561	29498996	28666853	27472995	26840999	27397912	28420407	29167131	29605060	29857330	30221051	30408285	30879325	31315499	32194204	32622436	32993986	33384449	
30973870	30692687	30511960	30225795	29952666	28972212	27915760	27406997	27820906	28510606	29060911	29599899	30040596	30188892	30608434	31073444	31897117	32428499	32810793	33229600	33613808	
31190207	30953144	30742171	30606992	30293574	29506544	28476799	27975994	27992400	28537199	29151227	29948926	30107510	30433380	30828024	31714159	32199061	32638175	33153976	33504458	33877537	
31474476	31237719	31170488	30968240	30779738	30078807	28987564	28278788	27963895	28590179	29394954	29909026	30263798	30653060	31460123	31961105	32364405	32931430	33369612	33799329	34231689	
31927345	31803714	31635938	31629914	31499525	30795384	29535374	28630557	28061129	28924972	29431406	30158406	30587122	31339299	31790655	32282101	32852574	33312684	33769597	34267243	34563850	
32265799	32149623	32079451	32158774	31992315	31179179	29777804	28758986	28047417	28647879	29430751	30269253	31123162	31604376	31998144	32567911	33025187	33509000	34010710	34372191	34577901	
32647706	32569412	32628525	32618872	32249904	31328175	29964671	28862326	27751074	28528246	29359664	30701453	31179601	31706831	32227530	32668374	33201283	33714811	34048064	34354610	34431151	
32987685	33024462	33004159	32783805	32182120	31353122	30089147	28415107	27592893	28284947	29490186	30373502	30948614	31611895	32234859	32769998	33282694	33660843	33942429	34021242	34215012	
33659181	33612118	33376808	32879965	32300139	31648088	30066810	28558184	27700360	28656429	29371617	30521239	31193732	31772458	32349309	32987485	33341860	33591640	33764251	34063735	34740523	
34007449	33737561	33326084	32832366	32377881	31543401	30167121	28415833	28035446	28490490	29372462	30404803	31079399	31628720	32365424	32863483	33264947	33478366	33775122	34416528	35001173	
34207836	33759777	33329981	32814796	32200186	31590686	29994606	28719597	27996739	28460249	29401796	30444194	31105425	31744637	32294532	32730984	33038323	33453565	34160431	34710816	35191271	
34213047	33839071	33393262	32734940	32263046	31559300	30384167	28801841	28038403	28465654	29367540	30416995	31271551	31727440	32179598	32467599	32936555	33823877	34490268	34895277	35109153	
34603084	34286015	33636573	33129327	32651589	32244770	30734524	29218282	28550219	28641237	29588742	30978328	31706173	31916847	32176422	32619116	33443158	34337041	34852678	35063670	35609669	
34964509	34518317	33960701	33442123	33376134	32608050	31158212	29704195	28833639	28518112	29868070	31285705	31923881	31976496	32330900	32972226	33837107	34651250	35025802	35618469	36076543	
35324991	34829081	34187403	34097132	33639548	32946426	31676705	29910001	28858636	28641224	29944931	31297985	31942928	32162408	32721708	33488195	34097476	34632340	35433261	36041679	36340991	
35813596	35149080	34960221	34533131	34155717	33598628	32248760	30269027	29255387	28722268	29954216	31315545	32197809	32712895	33507158	34010799	34319973	35070444	35856876	36371808	36483772	
36029267	35775232	35297778	34944138	34669865	34049989	32670214	30740388	29404199	28357499	29664498	31267062	32536082	33417347	34037582	34158596	34583969	35255221	35904317	36323693	36592429	
36701363	36161127	35647857	35483424	35203070	34427599	33308371	31061086	29335134	28088643	29580731	31553313	32978382	33842509	34269591	34627580	34943716	35398072	35788668	36284156	36722038	
36907093	36324023	35963186	35771432	35353077	34679599	33293238	30949134	29070639	27839655	29663093	31670062	33103509	33672461	34427352	34801114	35014618	35238694	35629768	36208060	36464618	
36842428	36392709	35943883	35692810	35382810	34489955	33064599	30625198	28774156	27752728	29584003	31525726	32739128	33547067	34351823	34763021	34937781	35126029	35599405	35921361	36496415	
36945584	36319370	35888493	35759403	35181552	34218096	32724511	30407659	28815963	27835964	29465275	31113313	32696312	33514692	34232012	34576158	34887546	35319380	35726408	36032646	36327034	
37149065	36488020	36258344	35901343	35152249	34074744	32662590	30719550	29148547	28011024	29165320	31112719	32969167	33576517	34202485	34632315	35245377	35832119	36317835	36010953	34822436	
37237368	36817092	36412835	35890483	35021236	33997506	32973526	31136713	29713770	28024818	28976171	31132893	32809089	33446489	34109065	34730461	35487975	36434543	36240085	34577832	33495136	
37415408	36740131	36330179	35598544	34818052	34208386	33162091	31801886	30072628	28036357	28808477	30973451	32630153	33310743	34320085	34999455	35955333	36294577	34935864	33469984	33082293	
37563765	36877847	36376754	35655652	35229208	34670775	33895680	32362112	30502747	28230333	28634779	30869369	32765933	33783925	34851121	35774925	36092853	34888696	33643030	33462179	33188043	
37654502	36930371	36496957	36188847	35763538	35323603	34272891	33062506	30896582	28322218	28474284	30985050	33374068	34500480	35729668	36109504	34840821	33762365	33823378	33864010	33591652	
37263617	36847777	36676903	36480616	36150067	35423703	34607106	33452688	30860536	28167558	28211472	31322340	33839592	35153964	35784622	34574705	33507181	33745352	33905786	33900750	33823785	
37061144	36954260	36828463	36721644	36128602	35630533	34751469	33340373	30748771	27926741	28077211	31488549	34424721	35141101	34182020	33087178	33370761	33654059	33696297	33770954	33903006	
37049969	37091014	37014725	36603271	36218990	35603028	34618298	33356536	30614692	28030130	28073110	31742598	34299142	33407331	32569845	32879228	33196412	33352880	33502509	33761095	33618406	
37400334	37395775	37064123	36841606	36349374	35596184	34697782	33389156	30983972	28264534	28156866	31566092	32687147	31963831	32397980	32783720	32992366	33165193	33444837	33354368	32999070	
37833232	37496688	37225023	36935947	36283741	35539539	34652725	33711463	31407683	28635293	27819907	29812278	31330694	31765495	32371643	32640317	32744776	32977358	32900289	32550671	32202660	
36903730	36666443	36356151	35850887	35156925	34389497	33903597	32963029	30806363	28187889	27734512	29561158	30042573	30671429	31231967	31450018	31590646	31563953	31191787	30806264	30754768	
35758614	35413862	34795666	34212532	33682702	33352830	32699914	31865214	30170680	28415307	27638637	27964356	28558954	29101452	29559219	29848875	29723080	29441222	29126267	29110351	29384160	
35450284	34979218	34374860	33766652	33591228	33285202	32782606	31603744	29049913	27524389	27217520	27636850	28089816	28502183	29051287	29110274	28745546	28473373	28564511	28844938	28736102	
35292356	34773626	34229046	33967982	33844128	33600802	32865024	30210365	27603185	27324508	27228310	27575010	27955843	28458775	28706424	28478904	28156925	28208117	28526438	28420852	28419440	
34875458	34493608	34236862	34011642	34027446	33395780	31212757	28742659	27277166	27145748	27049202	27267841	27813701	28007638	27983026	27728859	27702345	28021246	27977386	27990452	28139253	
34719740	34610098	34318076	34297702	33904136	31826037	29780513	28497248	27120290	27090712	26912137	27236301	27439644	27340380	27234815	27262705	27540616	27423166	27416254	27568909	27823336	
34991198	34754472	34735050	34397678	32452655	30490689	29601346	28411776	27079914	26972991	26932141	26958040	26861538	26711229	26833129	27140180	26978270	26954036	27094059	27284060	27178484	
35328019	35374599	34973493	33060534	31185174	30473367	29700611	28525249	27166332	27202542	27021881	26779383	26642468	26676696	26950641	26903081	26820107	26955902	27123685	27049927	26430563	
35978872	35633652	33745315	31805781	31227654	30600030	29825356	28644885	27454473	27181132	26816724	26544757	26640211	26811252	26808076	26797076	26899633	27095560	27077636	26468170	26057015	
36232294	34429457	32566771	31836796	31371866	30729896	29961033	28952761	27527952	26896252	26516169	26502963	26744870	26698500	26775906	26925743	27073204	27053794	26521504	26088859	26136810	
35042753	33289907	32577586	31958330	31469994	30813425	30205545	28901140	27245290	26461639	26429499	26630824	26655072	26694924	26916539	27095498	26983654	26419606	26017097	25990594	26084017	
34060418	33317625	32698713	32123121	31553520	31008128	30148145	28641585	26893466	26301608	26475787	26523879	26638609	26806290	27114247	27021651	26333279	25885046	25824585	25868678	25626808	
34170807	33511951	32907031	32278842	31855598	31030381	29974633	28410654	26898950	26351777	26443421	26597143	26882182	27102341	27178775	26595819	26102490	25979855	25999936	25696782	25652263	
34278163	33639993	33028586	32522304	31705993	30754503	29654522	28405216	26967899	26099509	26308937	26665976	27036821	27063141	26693429	26246792	26046939	26002080	25696596	25583919	25766616	
34244109	33565166	33114640	32249027	31252185	30270416	29414740	28326697	26715809	25808243	26243264	26719907	26892137	26478749	26190406	26022893	25886298	25498938	25412063	25549714	25457154	
34110997	33600013	32786194	31783034	30678169	29922335	29256288	27998660	26369986	25648145	26089004	26537922	26246574	26001125	25900626	25782077	25329501	25159930	25229995	25065885	24724331	
34095994	33318581	32395293	31333788	30451664	29891815	29027477	27779749	26315710	25513855	25989867	26096959	26028834	25999523	25919080	25516598	25338015	25289736	25124394	24710528	24683971	
33888730	32969964	31972885	31139347	30439190	29696500	28849068	27868561	26356544	25389846	25506130	25855401	25953120	25957503	25649863	25437798	25313505	25076361	24634469	24581314	24767753	
33105146	32155495	31387599	30708558	29873362	29143006	28514639	27521790	26023826	24831582	25184039	25363704	25419233	25192833	25031226	24889217	24565069	24091221	24040112	24145537	24238293	
32186479	31420703	30780266	29990646	29174972	28662481	28004876	27095926	25661608	24848971	24817478	24634557	24450343	24356060	24229407	23878491	23311607	23153620	23230821	23227407	23141374	
31413118	30835553	30138247	29292175	28702088	28183665	27549409	26431265	25354036	24624331	24292658	23871742	23865113	23812430	23524888	22970948	22712903	22686642	22665332	22532817	22592779	
31201571	30554967	29771035	29136524	28631977	28009959	26942515	25873136	25167959	24814492	24166312	23915239	23927954	23754856	23281034	23053963	22946496	22878040	22728981	22660429	22674564	
30902866	30168186	29566033	29065624	28435520	27370078	26321527	25630236	25320019	24617313	24183382	23940033	23795845	23428973	23253738	23179317	23036071	22887878	22755236	22598647	22729718	
30502590	29922515	29437398	28814808	27752972	26716803	26018654	25724067	25078773	24628252	24090635	23741337	23354583	23234706	23173937	23018051	22766546	22589790	22336081	22272274	22503119	
30375100	29884179	29297327	28241619	27214446	26532367	26300830	25621292	25192943	24694580	24130824	23537986	23455545	23433336	23283702	23037237	22810363	22439258	22251271	22288184	22225410	
30479756	29913536	28904012	27896645	27167086	26956563	26339991	25898500	25489587	24886721	24024025	23725576	23736723	23664639	23477194	23273790	22876039	22657472	22503133	22365455	23212644	
30370911	29377543	28374174	27630479	27389748	26832220	26396339	25977662	25455020	24596642	23999663	23792830	23739898	23624009	23410931	23034180	22810039	22630624	22300130	23098741	23155366	
29768962	28799641	28088690	27814791	27217413	26800810	26392083	25885801	25113005	24528260	23999985	23695471	23666734	23537132	23185355	22897038	22688495	22333581	22804950	22780533	22835077	
29380310	28682715	28416830	27793334	27367493	26952110	26491100	25724462	25220579	24674238	24002056	23721097	23657189	23430222	23217679	22977466	22632226	23026207	22755480	22683016	22782053	
29154159	28896174	28297702	27818663	27432618	26985260	26225760	25688047	25248542	24574788	24019355	23719353	23545790	23420983	23228024	22905334	23293969	22917162	22665182	22701073	22994259	
29424443	28831425	28343472	27942361	27463685	26731033	26171684	25761517	25204935	24582556	23971962	23537369	23486128	23352815	23078189	23443844	23002351	22539265	22406390	22600206	22616951	
29494654	29014377	28617880	28103402	27352536	26844435	26438986	25919060	25397591	24804203	23995422	23686957	23651754	23461104	23907511	23470340	22962094	22625129	22550605	22487068	22630692	
29734042	29339305	28849665	28078307	27560048	27135911	26585607	26066202	25586296	24809287	24072512	23760131	23663537	24206266	23850091	23356949	22958114	22709136	22501859	22602801	22599273	
29988206	29512732	28780148	28214197	27803188	27216332	26719851	26199725	25536408	24822579	24103674	23786394	24366193	24064146	23623216	23243065	22896587	22445790	22387344	22340730	22565944	
30174835	29430787	28876318	28431383	27871213	27352326	26824342	26176379	25608518	24856365	24122117	24476790	24240399	23890503	23565090	23225612	22731897	22398959	22183903	22389295	22617151	
30153741	29605778	29148777	28527245	28029540	27495800	26851487	26324778	25705803	24957757	24779282	24317629	24096405	23867092	23560726	23099137	22727211	22252671	22343289	22490937	22603289	
30235295	29830094	29229446	28673127	28133475	27444818	26901921	26356330	25758616	25566533	24603822	24117902	24059229	23816777	23358972	22995386	22371456	22232452	22350538	22413138	22320364	
30584967	30060651	29532910	28933246	28255279	27665980	27069091	26559057	26543434	25561715	24571669	24251726	24143360	23751717	23432541	22739203	22478119	22321997	22361939	22197249	22215293	
30620681	30158146	29516090	28832299	28224326	27586153	27030939	27128642	26365917	25346163	24396172	24084112	23852975	23561965	22960791	22619555	22361363	22163269	21965297	21960745	21736837	
30935874	30367288	29674767	29038630	28338845	27736099	27787414	27091513	26277811	25388492	24400202	23990029	23812073	23228799	22969009	22666313	22294761	21807829	21811271	21530869	21704309	
31119618	30497433	29886242	29186825	28503881	28499208	27753959	26998367	26310560	25485810	24328137	23927379	23466129	23277913	23039833	22622517	21946871	21744243	21504791	21612207	21546784	
31221139	30685464	29966371	29304113	29251778	28459201	27693693	27043466	26349126	25419017	24221091	23554351	23510845	23326751	22939315	22181163	21763175	21362917	21516277	21359754	21565500	
31457790	30770581	30092917	30083934	29218939	28398823	27709732	27054738	26255561	25327859	23928025	23730709	23622473	23266883	22533853	22038931	21344613	21285989	21181342	21262888	21426095	
31281549	30667263	30650146	29856429	28969211	28236742	27557746	26785621	25983199	24865189	23976587	23700167	23382647	22715519	22262517	21520569	21168005	20903960	21056412	21067151	21143462	
31143437	31166216	30370323	29529717	28751662	28074566	27264847	26499637	25542301	24945073	24009881	23480445	22851699	22509767	21854043	21404829	20833150	20856134	20904435	20826202	20938940	
0	0	0	0	0	0	0	0	0	0	0	0	0	0	0	0	0	0	0	0	0	
0	0	0	0	0	0	0	0	0	0	0	0	0	0	0	0	0	0	0	0	0	
0	0	0	0	0	0	0	0	0	0	0	0	0	0	0	0	0	0	0	0	0	
0	0	0	0	0	0	0	0	0	0	0	0	0	0	0	0	0	0	0	0	0	
0	0	0	0	0	0	0	0	0	0	0	0	0	0	0	0	0	0	0	0	0	
0	0	0	0	0	0	0	0	0	0	0	0	0	0	0	0	0	0	0	0	0	
0	0	0	0	0	0	0	0	0	0	0	0	0	0	0	0	0	0	0	0	0	
0	0	0	0	0	0	0	0	0	0	0	0	0	0	0	0	0	0	0	0	0	
0	0	0	0	0	0	0	0	0	0	0	0	0	0	0	0	0	0	0	0	0	
0	0	0	0	0	0	0	0	0	0	0	0	0	0	0	0	0	0	0	0	0	
0	0	0	0	0	0	0	0	0	0	0	0	0	0	0	0	0	0	0	0	0	
0	0	0	0	0	0	0	0	0	0	0	0	0	0	0	0	0	0	0	0	0	
0	0	0	0	0	0	0	0	0	0	0	0	0	0	0	0	0	0	0	0	0	
0	0	0	0	0	0	0	0	0	0	0	0	0	0	0	0	0	0	0	0	0	
0	0	0	0	0	0	0	0	0	0	0	0	0	0	0	0	0	0	0	0	0	
0	0	0	0	0	0	0	0	0	0	0	0	0	0	0	0	0	0	0	0	0	
0	0	0	0	0	0	0	0	0	0	0	0	0	0	0	0	0	0	0	0	0	
0	0	0	0	0	0	0	0	0	0	0	0	0	0	0	0	0	0	0	0	0	
0	0	0	0	0	0	0	0	0	0	0	0	0	0	0	0	0	0	0	0	0	
